1 5 (548,632,1)
2 5 (548,632,1)
3 5 (548,632,1)
4 5 (548,632,1)
5 5 (548,632,1)
6 5 (548,632,1)
7 5 (548,632,1)
8 5 (548,632,1)
9 5 (548,632,1)
10 5 (548,632,1)
11 5 (548,632,1)
12 5 (548,632,1)
13 5 (548,632,1)
14 5 (548,632,1)
15 5 (548,632,1)
16 5 (548,632,1)
17 5 (548,632,1)
18 5 (548,632,1)
19 5 (548,632,1)
20 5 (548,632,1)
21 5 (548,632,1)
22 5 (548,632,1)
23 5 (548,632,1)
24 5 (548,632,1)
25 5 (548,632,1)
26 5 (548,632,1)
27 5 (548,632,1)
28 5 (548,632,1)
29 5 (548,632,1)
30 5 (548,632,1)
31 5 (548,632,1)
32 5 (548,632,1)
33 5 (548,632,1)
34 5 (548,632,1)
35 5 (548,632,1)
36 5 (548,632,1)
37 5 (548,632,1)
38 5 (548,632,1)
39 5 (548,632,1)
40 5 (548,632,1)
41 5 (548,632,1)
42 5 (548,632,1)
43 5 (548,632,1)
44 5 (548,632,1)
45 5 (548,632,1)
46 5 (548,632,1)
47 5 (548,632,1)
48 5 (548,632,1)
49 5 (548,632,1)
50 5 (548,632,1)
51 5 (548,632,1)
52 5 (548,632,1)
53 5 (548,632,1)
54 5 (548,632,1)
55 5 (548,632,1)
56 5 (548,632,1)
57 5 (548,632,1)
58 5 (548,632,1)
59 5 (548,632,1)
60 5 (548,632,1)
61 5 (548,632,1)
62 5 (548,632,1)
63 5 (548,632,1)
64 5 (548,632,1)
65 5 (548,632,1)
66 5 (548,632,1)
67 5 (548,632,1)
68 5 (548,632,1)
69 5 (548,632,1)
70 5 (548,632,1)
71 5 (548,632,1)
72 5 (548,632,1)
73 5 (548,632,1)
74 5 (548,632,1)
75 5 (548,632,1)
76 5 (548,632,1)
77 5 (548,632,1)
78 5 (548,632,1)
79 5 (548,632,1)
80 5 (548,632,1)
81 5 (548,632,1)
82 5 (548,632,1)
83 5 (548,632,1)
84 5 (548,632,1)
85 5 (548,632,1)
86 5 (548,632,1)
87 5 (548,632,1)
88 5 (548,632,1)
89 5 (548,632,1)
90 5 (548,632,1)
91 5 (548,632,1)
92 5 (548,632,1)
93 5 (548,632,1)
94 5 (548,632,1)
95 5 (548,632,1)
96 5 (548,632,1)
97 5 (548,632,1)
98 5 (548,632,1)
99 5 (548,632,1)
